sample.dat
512
24





even.xsm
512
26





myfile.dat
1024
28





odd.dat
512
31





even.dat
512
32





append.dat
512
35





-1
0
-1





-1
0
-1





-1
0
-1





-1
0
-1





-1
0
-1





-1
0
-1





-1
0
-1





-1
0
-1





-1
0
-1





-1
0
-1





-1
0
-1





-1
0
-1





-1
0
-1





-1
0
-1





-1
0
-1





-1
0
-1





-1
0
-1





-1
0
-1





-1
0
-1





-1
0
-1





-1
0
-1





-1
0
-1





-1
0
-1





-1
0
-1





-1
0
-1





-1
0
-1





-1
0
-1





-1
0
-1





-1
0
-1





-1
0
-1





-1
0
-1





-1
0
-1





-1
0
-1





-1
0
-1





-1
0
-1





-1
0
-1





-1
0
-1





-1
0
-1





-1
0
-1





-1
0
-1





-1
0
-1





-1
0
-1





-1
0
-1





-1
0
-1





-1
0
-1





-1
0
-1





-1
0
-1





-1
0
-1





-1
0
-1





-1
0
-1





-1
0
-1





-1
0
-1





-1
0
-1





-1
0
-1





-1
0
-1





-1
0
-1





-1
0
-1





-1
0
-1




0
